H initial abundance iniab1.6E-03As09.ppn
  Z   species  mass fraction   
  1   h   1    0.2             
  1   h   2    1.4959771424e-05
  2   he  3    4.1568297181e-05
  2   he  4    0.2503698605    
  3   li  6    4.0687858787e-11
  3   li  7    8.1346297574e-10
  4   be  9    4.0480582262e-12
  5   b  10    1.8700676506e-11
  5   b  11    8.2799829493e-11
  6   c  12    0.5             
  6   c  13    7.2574031295e-07
  7   n  14    1.7706658121e-05
  7   n  15    4.3544266833e-08
  8   o  16    0.0493194931891 
  8   o  17    5.9168747017e-08
  8   o  18    3.3060296331e-07
  9   f  19    1.2934744132e-08
  10  ne 20    9.3810487018e-05
  10  ne 21    7.4668722734e-08
  10  ne 22    2.3994309218e-06
  11  na 23    7.4943173104e-07
  12  mg 24    3.6457560915e-05
  12  mg 25    1.8661401202e-06
  12  mg 26    2.1368050833e-06
  13  al 27    1.4268161137e-06
  14  si 28    3.177116059e-05 
  14  si 29    8.2403364511e-07
  14  si 30    5.6194040676e-07
  15  p  31    1.4940527631e-07
  16  s  32    2.0443615433e-05
  16  s  33    6.1991446948e-08
  16  s  34    3.6052920462e-07
  16  s  36    1.7796587641e-09
  17  cl 35    1.5726311963e-07
  17  cl 37    5.3134928937e-08
  18  ar 36    2.8618666592e-06
  18  ar 38    2.7527499461e-07
  18  ar 40    4.6344621506e-10
  19  k  39    7.2973937054e-08
  19  k  40    1.1813581106e-10
  19  k  41    5.5363303116e-09
  20  ca 40    2.651989076e-06 
  20  ca 42    1.1146995153e-08
  20  ca 43    2.3812580725e-09
  20  ca 44    3.7650541073e-08
  20  ca 46    7.5478292049e-11
  20  ca 48    3.682027986e-09 
  21  sc 45    1.1918367015e-09
  22  ti 46    6.341850814e-09 
  22  ti 47    5.8435267263e-09
  22  ti 48    1.0539761712e-07
  22  ti 49    4.429937371e-09 
  22  ti 50    4.3281669587e-09
  23  v  50    1.9948684154e-11
  23  v  51    8.1187154768e-09
  24  cr 50    1.778132117e-08 
  24  cr 52    3.5661088245e-07
  24  cr 53    4.1214442434e-08
  24  cr 54    1.0452715888e-08
  25  mn 55    2.7756642429e-07
  26  fe 54    1.8714684782e-06
  26  fe 56    3.0466128853e-05
  26  fe 57    7.161599886e-07 
  26  fe 58    9.6979813166e-08
  27  co 59    1.0810760667e-07
  28  ni 58    1.2286608098e-06
  28  ni 60    4.8959787335e-07
  28  ni 61    2.1637188564e-08
  28  ni 62    7.0119789539e-08
  28  ni 64    1.8433489723e-08
  29  cu 63    1.2655012147e-08
  29  cu 65    5.8195730307e-09
  30  zn 64    2.118792782e-08 
  30  zn 66    1.2535809392e-08
  30  zn 67    1.8700916911e-09
  30  zn 68    8.6798940887e-09
  30  zn 70    2.9545678702e-10
  31  ga 69    8.5267908343e-10
  31  ga 71    5.8230215895e-10
  32  ge 70    1.2217996485e-09
  32  ge 72    1.6607362812e-09
  32  ge 73    4.7261401403e-10
  32  ge 74    2.248553573e-09 
  32  ge 76    4.8439816611e-10
  33  as 75    2.8058568132e-10
  34  se 74    2.7016306056e-11
  34  se 76    2.9211739855e-10
  34  se 77    2.410013661e-10 
  34  se 78    7.605504465e-10 
  34  se 80    1.6280339428e-09
  34  se 82    2.9365157688e-10
  35  br 79    2.6034762711e-10
  35  br 81    2.5967148563e-10
  36  kr 78    9.4147201323e-12
  36  kr 80    6.2044592797e-11
  36  kr 82    3.186620689e-10 
  36  kr 83    3.1953165348e-10
  36  kr 84    1.59374447e-09  
  36  kr 86    4.9343856591e-10
  37  rb 85    3.7387484097e-10
  37  rb 87    1.5748943879e-10
  38  sr 84    6.5150495971e-12
  38  sr 86    1.1795681327e-10
  38  sr 87    8.3392509746e-11
  38  sr 88    1.0112939312e-09
  39  y  89    2.7064141029e-10
  40  zr 90    3.3008981916e-10
  40  zr 91    7.2784430874e-11
  40  zr 92    1.1247504949e-10
  40  zr 94    1.1646136257e-10
  40  zr 96    1.9161676577e-11
  41  nb 93    5.0290643158e-11
  42  mo 92    1.9006765197e-11
  42  mo 94    1.223490637e-11 
  42  mo 95    2.1400710157e-11
  42  mo 96    2.2764765232e-11
  42  mo 97    1.3243475339e-11
  42  mo 98    3.3998513038e-11
  42  mo100    1.3973094462e-11
  44  ru 96    5.607706033e-12 
  44  ru 98    1.9322882965e-12
  44  ru 99    1.3319567105e-11
  44  ru100    1.3285404636e-11
  44  ru101    1.8167896279e-11
  44  ru102    3.3931556079e-11
  44  ru104    2.0418190769e-11
  45  rh103    1.5697896665e-11
  46  pd102    7.2477730325e-13
  46  pd104    8.0709149601e-12
  46  pd105    1.6333613073e-11
  46  pd106    2.0181327874e-11
  46  pd108    1.990755098e-11 
  46  pd110    8.9809967258e-12
  47  ag107    9.0582569125e-12
  47  ag109    8.5728699402e-12
  48  cd106    1.2741487118e-12
  48  cd108    9.2431074854e-13
  48  cd110    1.3211720115e-11
  48  cd111    1.3662720678e-11
  48  cd112    2.5988402586e-11
  48  cd113    1.3278648983e-11
  48  cd114    3.1495225237e-11
  48  cd116    8.3549537116e-12
  49  in113    5.7350865569e-13
  49  in115    1.3021451503e-11
  50  sn112    2.2335413556e-12
  50  sn114    1.5468671907e-12
  50  sn115    8.0386107331e-13
  50  sn116    3.4675811782e-11
  50  sn117    1.8473590947e-11
  50  sn118    5.8757104682e-11
  50  sn119    2.1015724495e-11
  50  sn120    8.0377883688e-11
  50  sn122    1.161301703e-11 
  50  sn124    1.4760616271e-11
  51  sb121    1.3281941385e-11
  51  sb123    1.0098378374e-11
  52  te120    3.0649824825e-13
  52  te122    8.8288523175e-12
  52  te123    3.1067002996e-12
  52  te124    1.6680315777e-11
  52  te125    2.5080354341e-11
  52  te126    6.7368314965e-11
  52  te128    1.1529782992e-10
  52  te130    1.257323925e-10 
  53  i 127    8.4490515948e-11
  54  xe124    4.929305751e-13 
  54  xe126    4.4340291287e-13
  54  xe128    9.125602101e-12 
  54  xe129    1.1456188157e-10
  54  xe130    1.8536379268e-11
  54  xe131    9.2596624041e-11
  54  xe132    1.1403900631e-10
  54  xe134    4.2745630899e-11
  54  xe136    3.5247533846e-11
  55  cs133    2.9981674314e-11
  56  ba130    3.9106906119e-13
  56  ba132    3.7835505978e-13
  56  ba134    9.1914851524e-12
  56  ba135    2.5255455655e-11
  56  ba136    3.0313357859e-11
  56  ba137    4.366987041e-11 
  56  ba138    2.807956457e-10 
  57  la138    2.9643175139e-14
  57  la139    3.2781109883e-11
  58  ce136    1.7935557392e-13
  58  ce138    2.4692044393e-13
  58  ce140    8.8273452774e-11
  58  ce142    1.1250270846e-11
  59  pr141    1.3874692088e-11
  60  nd142    1.8939282099e-11
  60  nd143    8.4791657674e-12
  60  nd144    1.6851795089e-11
  60  nd145    6.2665001607e-12
  60  nd146    1.2334298655e-11
  60  nd148    4.1721333097e-12
  60  nd150    4.1397413379e-12
  62  sm144    7.5597095309e-13
  62  sm147    3.7681068455e-12
  62  sm148    2.8446724572e-12
  62  sm149    3.5212637242e-12
  62  sm150    1.8930054404e-12
  62  sm152    6.9529901721e-12
  62  sm154    5.9910971638e-12
  63  eu151    4.4822898003e-12
  63  eu153    4.9577311149e-12
  64  gd152    6.6969618483e-14
  64  gd154    7.3957369464e-13
  64  gd155    5.0535626579e-12
  64  gd156    7.034717832e-12 
  64  gd157    5.4127533255e-12
  64  gd158    8.645953982e-12 
  64  gd160    7.7050308423e-12
  65  tb159    5.9484164441e-12
  66  dy156    2.0621339227e-14
  66  dy158    3.543112429e-14 
  66  dy160    8.796171989e-13 
  66  dy161    7.1785889128e-12
  66  dy162    9.7799108996e-12
  66  dy163    9.5790275193e-12
  66  dy164    1.0940073676e-11
  67  ho165    9.3430395106e-12
  68  er162    3.4360396296e-14
  68  er164    4.0948634228e-13
  68  er166    8.6735328286e-12
  68  er167    5.9561809996e-12
  68  er168    7.0684350751e-12
  68  er170    3.9530363331e-12
  69  tm169    3.9892471719e-12
  70  yb168    2.615138949e-14 
  70  yb170    6.5715743629e-13
  70  yb171    3.1254412859e-12
  70  yb172    4.839408023e-12 
  70  yb173    3.6130687077e-12
  70  yb174    7.2295360582e-12
  70  yb176    2.9679751564e-12
  71  lu175    4.0143658562e-12
  71  lu176    1.171771722e-13 
  72  hf174    3.7416960378e-14
  72  hf176    1.2162450138e-12
  72  hf177    4.3715004175e-12
  72  hf178    6.4496947851e-12
  72  hf179    3.2383311971e-12
  72  hf180    8.3865600847e-12
  73  ta180    3.072260183e-16 
  73  ta181    2.5741313131e-12
  74  w 180    2.867200029e-14 
  74  w 182    6.4020859906e-12
  74  w 183    3.4761216351e-12
  74  w 184    7.4836044608e-12
  74  w 186    7.0193038931e-12
  75  re185    2.2510319816e-12
  75  re187    4.1050022937e-12
  76  os184    1.7332134872e-14
  76  os186    1.3998901586e-12
  76  os187    1.119415712e-12 
  76  os188    1.1809193577e-11
  76  os189    1.4474824113e-11
  76  os190    2.3663827491e-11
  76  os192    3.6234711878e-11
  77  ir191    3.2043979135e-11
  77  ir193    5.4428841557e-11
  78  pt190    2.0791502646e-14
  78  pt192    1.1735787118e-12
  78  pt194    4.9990260428e-11
  78  pt195    5.1566365758e-11
  78  pt196    3.8670881774e-11
  78  pt198    1.1085732189e-11
  79  au197    3.0723484342e-11
  80  hg196    8.1536407338e-14
  80  hg198    5.4747537507e-12
  80  hg199    9.3104870465e-12
  80  hg200    1.281286401e-11 
  80  hg201    7.3470959045e-12
  80  hg202    1.6728053703e-11
  80  hg204    3.8867906176e-12
  81  tl203    8.9263821535e-12
  81  tl205    2.1517873457e-11
  82  pb204    4.295487638e-12 
  82  pb206    4.0361185812e-11
  82  pb207    4.4880848837e-11
  82  pb208    1.2908419681e-10
  83  bi209    1.7504532941e-11
  90  th232    4.5550403255e-12
  92  u 234    2.530754946e-17 
  92  u 235    3.0862286187e-13
  92  u 238    9.7441938881e-13
